0 1
2000 61
4000 131
6000 225
8000 290
10000 377
12000 478
14000 557
16000 603
18000 716
20000 794
22000 918
24000 1048
26000 1089
28000 1163
30000 1222
32000 1292
34000 1386
36000 1492
38000 1591
40000 1717
42000 1793
44000 1924
46000 2025
48000 2131
50000 2212
52000 2317
54000 2397
56000 2487
58000 2536
60000 2637
62000 2681
64000 2740
66000 2867
68000 3103
70000 3013
72000 3176
74000 3287
76000 3414
78000 3455
80000 3624
82000 3714
84000 3889
86000 3912
88000 4165
90000 4184
92000 4278
94000 4370
96000 4558
98000 4604
100000 4780
102000 4878
104000 4992
106000 5006
108000 5054
110000 5178
112000 5263
114000 5305
116000 5366
118000 5596
120000 5541
122000 5763
124000 5721
126000 5845
128000 5877
130000 5899
132000 6029
134000 6072
136000 6219
138000 6417
140000 6430
142000 6518
144000 6592
146000 6760
148000 6848
150000 6931
152000 7141
154000 7310
156000 7352
158000 7488
160000 7570
162000 7779
164000 7805
166000 7849
168000 7958
170000 8135
172000 8170
174000 8383
176000 8529
178000 8759
180000 8823
182000 8779
184000 8885
186000 9091
188000 9129
190000 9305
192000 9479
194000 9575
196000 9710
198000 9754
200000 9880
202000 9903
204000 10011
206000 10075
208000 10198
210000 10251
212000 10393
214000 10443
216000 10518
218000 10609
220000 10701
222000 10816
224000 10904
226000 10927
228000 11079
230000 11106
232000 11194
234000 11262
236000 11394
238000 11469
240000 11569
242000 11622
244000 11765
246000 11763
248000 11805
250000 11887
252000 11983
254000 11980
256000 12317
258000 12403
260000 12410
262000 12522
264000 12556
266000 12677
268000 12783
270000 12875
272000 13191
274000 13246
276000 13361
278000 13366
280000 13500
282000 13680
284000 13764
286000 13863
288000 14038
290000 14144
292000 14335
294000 14556
296000 14483
298000 14581
300000 14772
302000 15147
304000 15031
306000 15173
308000 15400
310000 15348
312000 15377
314000 15922
316000 16077
318000 15767
320000 15771
322000 16225
324000 16412
326000 16371
328000 16377
330000 16472
332000 16612
334000 16794
336000 16854
338000 17027
340000 17247
342000 17272
344000 17463
346000 17376
348000 17670
350000 17931
352000 18200
354000 18179
356000 18368
358000 18268
360000 18376
362000 18609
364000 18744
366000 18831
368000 18920
370000 19082
372000 19236
374000 19225
376000 19385
378000 19556
380000 19746
382000 19892
384000 19970
386000 20218
388000 20360
390000 20366
392000 20385
394000 20510
396000 20847
398000 20514
400000 20596
402000 20985
404000 20799
406000 20913
408000 21089
410000 21223
412000 21315
414000 21498
416000 21680
418000 21771
420000 21991
422000 21905
424000 21884
426000 21862
428000 21860
430000 21796
432000 22420
434000 22186
436000 22408
438000 22355
440000 22419
442000 22441
444000 22737
446000 22824
448000 22927
450000 23081
452000 22985
454000 23156
456000 23257
458000 23285
460000 23458
462000 23442
464000 23600
466000 23582
468000 23666
470000 23610
472000 24125
474000 23925
476000 24430
478000 24931
480000 24746
482000 24343
484000 24572
486000 24662
488000 24639
490000 25031
492000 25097
494000 25110
496000 25219
498000 25011
500000 25038
502000 25308
504000 25431
506000 25328
508000 25152
510000 25659
512000 25904
514000 25796
516000 25986
518000 26044
520000 26183
522000 26346
524000 26349
526000 26359
528000 26988
530000 27333
532000 26857
534000 26935
536000 27095
538000 27199
540000 27283
542000 27884
544000 27445
546000 27837
548000 27841
550000 27741
552000 28075
554000 28115
556000 28208
558000 28278
560000 28482
562000 28642
564000 28795
566000 28851
568000 29140
570000 29333
572000 29353
574000 29258
576000 29094
578000 29804
580000 29977
582000 29880
584000 30066
586000 30219
588000 30318
590000 30300
592000 30257
594000 30481
596000 30547
598000 30798
600000 31150
602000 31118
604000 31347
606000 31304
608000 31666
610000 31851
612000 32008
614000 31910
616000 32083
618000 32382
620000 32270
622000 32370
624000 32635
626000 32657
628000 32750
630000 33158
632000 33229
634000 33690
636000 33492
638000 33214
640000 33329
642000 33689
644000 33872
646000 34387
648000 34406
650000 34374
652000 34408
654000 34449
656000 34436
658000 34675
660000 34852
662000 34956
664000 34795
666000 35229
668000 35329
670000 35203
672000 35273
674000 35795
676000 35704
678000 36270
680000 35947
682000 36169
684000 36498
686000 36610
688000 36533
690000 36689
692000 36780
694000 37088
696000 38085
698000 37310
700000 37362
702000 38052
704000 37739
706000 37981
708000 37744
710000 38381
712000 38462
714000 38443
716000 38736
718000 39236
720000 38868
722000 38674
724000 38923
726000 38738
728000 38852
730000 38908
732000 39269
734000 39620
736000 39443
738000 39644
740000 39768
742000 39884
744000 40250
746000 40431
748000 40498
750000 40771
752000 40702
754000 40518
756000 40875
758000 41095
760000 41207
762000 41209
764000 41388
766000 41979
768000 41777
770000 42052
772000 41966
774000 42365
776000 42564
778000 42564
780000 42799
782000 42646
784000 42644
786000 42676
788000 43051
790000 43205
792000 42881
794000 43397
796000 43511
798000 43606
800000 43755
802000 43611
804000 43892
806000 44127
808000 43966
810000 44517
812000 44113
814000 44349
816000 44325
818000 44503
820000 44601
822000 44596
824000 44748
826000 45071
828000 44970
830000 45022
832000 45501
834000 45557
836000 45611
838000 45724
840000 45841
842000 45862
844000 45777
846000 45926
848000 46446
850000 45811
852000 45943
854000 45988
856000 45991
858000 46458
860000 46521
862000 46430
864000 46874
866000 46908
868000 46972
870000 46880
872000 47514
874000 46703
876000 46768
878000 47316
880000 47443
882000 47568
884000 47835
886000 47683
888000 47729
890000 48669
892000 48067
894000 48016
896000 48332
898000 48086
900000 48417
902000 48370
904000 48358
906000 48882
908000 48642
910000 49037
912000 48856
914000 49157
916000 49081
918000 49190
920000 49162
922000 49764
924000 49106
926000 49204
928000 49553
930000 49664
932000 49778
934000 49580
936000 49893
938000 49762
940000 49998
942000 50277
944000 50145
946000 50410
948000 50545
950000 50272
952000 50843
954000 50594
956000 50670
958000 50983
960000 51062
962000 51254
964000 51453
966000 51418
968000 51709
970000 51740
972000 51869
974000 51506
976000 52005
978000 51887
980000 51942
982000 51849
984000 52088
986000 51997
988000 53059
990000 52219
992000 52881
994000 53792
996000 52847
998000 52802
1000000 52748
