0 167388
200 23241
400 25829
600 25800
800 28474
1000 28520
1200 28655
1400 28109
1600 30702
1800 30566
2000 30686
2200 30585
2400 30490
2600 30268
2800 30699
3000 30598
3200 33207
3400 33086
3600 32938
3800 32852
4000 32879
4200 32815
4400 33148
4600 33825
4800 33364
5000 33200
5200 33141
5400 32994
5600 33363
5800 33074
6000 33069
6200 35464
6400 37276
6600 36059
6800 35459
7000 35721
7200 36089
7400 35992
7600 36006
7800 36113
8000 35823
8200 36133
8400 35884
8600 35992
8800 35856
9000 35717
9200 35773
9400 35647
9600 35692
9800 35620
10000 36090
10200 35471
10400 35504
10600 35667
10800 35661
11000 36056
11200 36036
11400 35980
11600 35848
11800 35725
12000 35719
12200 35866
12400 38026
12600 38231
12800 38297
13000 38787
13200 38442
13400 38044
13600 38498
13800 38511
14000 38612
14200 38555
14400 38429
14600 38835
14800 38438
15000 38376
15200 38312
15400 39129
15600 38242
15800 38059
16000 38140
16200 38307
16400 38442
16600 38563
16800 38428
17000 38424
17200 38575
17400 38647
17600 38622
17800 38470
18000 38534
18200 38577
18400 38531
18600 38293
18800 38473
19000 38420
19200 38418
19400 38470
19600 38497
19800 38630
20000 38745
20200 38429
20400 38367
20600 38522
20800 38596
21000 39123
21200 39223
21400 38412
21600 38503
21800 38635
22000 38538
22200 38138
22400 38358
22600 38481
22800 38299
23000 38266
23200 38234
23400 38080
23600 38303
23800 38286
24000 38526
24200 37950
24400 38050
24600 40775
24800 40770
25000 40745
25200 40811
25400 40927
25600 40712
25800 40718
26000 41136
26200 41450
26400 40741
26600 40731
26800 40818
27000 40934
27200 40578
27400 40518
27600 40795
27800 40729
28000 40609
28200 40725
28400 41162
28600 40799
28800 40663
29000 40885
29200 40531
29400 41212
29600 41195
29800 42023
30000 40769
30200 40455
30400 40516
30600 40576
30800 40756
31000 40768
31200 42071
31400 41103
31600 42120
31800 41111
32000 40644
32200 40376
32400 40489
32600 40398
32800 40423
33000 40583
33200 40559
33400 40646
33600 40633
33800 41340
34000 40542
34200 40520
34400 40551
34600 40675
34800 40617
35000 40575
35200 40614
35400 40655
35600 40617
35800 40699
36000 40817
36200 40554
36400 40419
36600 40756
36800 40778
37000 40681
37200 40653
37400 41200
37600 40735
37800 40626
38000 40564
38200 40875
38400 40913
38600 40516
38800 40508
39000 40587
39200 40644
39400 40667
39600 40568
39800 40272
40000 40649
40200 40582
40400 40706
40600 40393
40800 40599
41000 40756
41200 40489
41400 40597
41600 40602
41800 40575
42000 40562
42200 40563
42400 40457
42600 40679
42800 40556
43000 41717
43200 40500
43400 40600
43600 40631
43800 40691
44000 40647
44200 40774
44400 40397
44600 40592
44800 40605
45000 40424
45200 40489
45400 40653
45600 40501
45800 40591
46000 40851
46200 40502
46400 40645
46600 40574
46800 40860
47000 40620
47200 40881
47400 41613
47600 41584
47800 41609
48000 40706
48200 40951
48400 40612
48600 40649
48800 40712
49000 40562
49200 43289
49400 43139
49600 43202
49800 42804
50000 43026
50200 43132
50400 43150
50600 43214
50800 43147
51000 43104
51200 43240
51400 43062
51600 43075
51800 43045
52000 43166
52200 43715
52400 43058
52600 43093
52800 43290
53000 43115
53200 43105
53400 43067
53600 43420
53800 43476
54000 43285
54200 43353
54400 43076
54600 43027
54800 42934
55000 43095
55200 43220
55400 43213
55600 43145
55800 43234
56000 43458
56200 43211
56400 43184
56600 42944
56800 42927
57000 42945
57200 43593
57400 43475
57600 43561
57800 43319
58000 43241
58200 43243
58400 43263
58600 43414
58800 43455
59000 43695
59200 43248
59400 43249
59600 43985
59800 43276
60000 43041
60200 43102
60400 43125
60600 43182
60800 43230
61000 43230
61200 43091
61400 43126
61600 43134
61800 43304
62000 43336
62200 43439
62400 43326
62600 43456
62800 43349
63000 43349
63200 43232
63400 43239
63600 43029
63800 43211
64000 43327
64200 43240
64400 43080
64600 43070
64800 43312
65000 43377
65200 43289
65400 43153
65600 43281
65800 43281
66000 43150
66200 43661
66400 43131
66600 43196
66800 43267
67000 43107
67200 43239
67400 43132
67600 43114
67800 43895
68000 43593
68200 43239
68400 42984
68600 43214
68800 43552
69000 43154
69200 43259
69400 43141
69600 43300
69800 43226
70000 43164
70200 43151
70400 43609
70600 43288
70800 43397
71000 43250
71200 43323
71400 43314
71600 43198
71800 43035
72000 43067
72200 43150
72400 43230
72600 43132
72800 43375
73000 43170
73200 43620
73400 43023
73600 43076
73800 43242
74000 43189
74200 43034
74400 43076
74600 43353
74800 42992
75000 43136
75200 43040
75400 43362
75600 42999
75800 43193
76000 43150
76200 43395
76400 43499
76600 42987
76800 43070
77000 43377
77200 43247
77400 43098
77600 43190
77800 42927
78000 42925
78200 42964
78400 43129
78600 43151
78800 43125
79000 43151
79200 43146
79400 43097
79600 43148
79800 43008
80000 42901
80200 43089
80400 43017
80600 42901
80800 43173
81000 42965
81200 43179
81400 43123
81600 43219
81800 43117
82000 43348
82200 43191
82400 43084
82600 43254
82800 43254
83000 43214
83200 43366
83400 43198
83600 43265
83800 43086
84000 43039
84200 43161
84400 43214
84600 43282
84800 43073
85000 43176
85200 43360
85400 43491
85600 43288
85800 43332
86000 43078
86200 43093
86400 43111
86600 43131
86800 43205
87000 43226
87200 42894
87400 43114
87600 43169
87800 43370
88000 43085
88200 43128
88400 43313
88600 43214
88800 43252
89000 43172
89200 43208
89400 43221
89600 42834
89800 43322
90000 43291
90200 43273
90400 44196
90600 43921
90800 43544
91000 43415
91200 43857
91400 43496
91600 43250
91800 43214
92000 43198
92200 43164
92400 43359
92600 43172
92800 43045
93000 43078
93200 42953
93400 43321
93600 43510
93800 43201
94000 43248
94200 42995
94400 43349
94600 43348
94800 43182
95000 43337
95200 43192
95400 43234
95600 43434
95800 43352
96000 43143
96200 43212
96400 43102
96600 43103
96800 43221
97000 43217
97200 43084
97400 43340
97600 43069
97800 43322
98000 43092
98200 43235
98400 45906
98600 45674
98800 45721
99000 45783
99200 45515
99400 45475
99600 45837
99800 45887
100000 45905
