0 1
5 1
10 1
15 2
20 1
25 2
30 2
35 2
40 2
45 2
50 2
55 2
60 2
65 2
70 3
75 2
80 3
85 3
90 3
95 4
100 4
105 3
110 4
115 4
120 4
125 4
130 4
135 4
140 6
145 5
150 5
155 5
160 5
165 5
170 5
175 5
180 5
185 6
190 6
195 6
200 6
205 6
210 6
215 6
220 7
225 6
230 7
235 6
240 7
245 7
250 7
255 7
260 7
265 7
270 8
275 8
280 8
285 8
290 8
295 8
300 9
305 9
310 9
315 9
320 9
325 9
330 10
335 9
340 10
345 10
350 10
355 10
360 11
365 11
370 11
375 11
380 11
385 11
390 11
395 11
400 12
405 12
410 12
415 12
420 12
425 12
430 12
435 12
440 12
445 13
450 13
455 12
460 13
465 13
470 13
475 13
480 13
485 13
490 13
495 13
500 13
