0 166831
2 7757
4 7648
6 10116
8 10300
10 10234
12 12891
14 12907
16 12858
18 12879
20 12940
22 12815
24 15371
26 15381
28 15370
30 15334
32 15395
34 15510
36 15434
38 15548
40 15647
42 15469
44 15449
46 15500
48 18000
50 17892
52 17936
54 17846
56 18057
58 17841
60 18064
62 17914
64 17911
66 17999
68 18026
70 17977
72 17977
74 18065
76 18107
78 17861
80 18210
82 18140
84 17924
86 18034
88 17964
90 17898
92 18030
94 17946
96 20496
98 20404
100 20488
102 20526
104 20802
106 21099
108 21108
110 20856
112 21045
114 20650
116 20586
118 20645
120 20601
122 20436
124 20476
126 20508
128 20503
130 20832
132 20399
134 20501
136 20546
138 20517
140 20510
142 20466
144 20606
146 20626
148 20388
150 20737
152 20605
154 20434
156 20496
158 20668
160 20718
162 20483
164 20608
166 20542
168 20543
170 20612
172 20527
174 20474
176 20573
178 20612
180 20472
182 20364
184 20489
186 20343
188 20209
190 20473
192 22932
194 23301
196 23173
198 23099
200 23133
202 23609
204 23696
206 23814
208 23370
210 23054
212 23207
214 23026
216 23594
218 23490
220 23058
222 23308
224 22978
226 23093
228 23176
230 23209
232 23187
234 23219
236 23317
238 23288
240 23077
242 23148
244 23173
246 23083
248 23495
250 23247
252 23436
254 23208
256 23007
258 23140
260 23168
262 23089
264 23177
266 23073
268 23047
270 23289
272 23389
274 23279
276 23079
278 23323
280 23151
282 23055
284 23292
286 23129
288 23395
290 22972
292 23229
294 23208
296 23152
298 22992
300 23020
302 22996
304 22750
306 22826
308 23044
310 23517
312 23806
314 23303
316 23417
318 23224
320 22986
322 23242
324 23109
326 23243
328 23117
330 22970
332 23080
334 23109
336 23070
338 23058
340 23071
342 23110
344 22807
346 23095
348 23022
350 23322
352 23277
354 23179
356 22994
358 23032
360 23073
362 23188
364 23246
366 23482
368 23424
370 22938
372 22799
374 22971
376 23123
378 23021
380 23200
382 23105
384 25618
386 25763
388 25664
390 26130
392 25755
394 25653
396 25245
398 25685
400 25523
402 25598
404 25666
406 25693
408 25885
410 25675
412 25755
414 25475
416 25213
418 25261
420 25372
422 25629
424 25737
426 25647
428 25770
430 27478
432 25982
434 25538
436 25333
438 25383
440 25416
442 25406
444 26794
446 25988
448 25702
450 26783
452 25565
454 25561
456 25313
458 25907
460 25558
462 25718
464 26090
466 25868
468 25808
470 25490
472 25524
474 25388
476 25687
478 25718
480 25747
482 25474
484 25502
486 25508
488 25580
490 25625
492 25507
494 25733
496 25355
498 25674
500 25903
502 25591
504 25422
506 25505
508 25456
510 25555
512 25465
514 25489
516 25516
518 25680
520 26079
522 26012
524 25859
526 25578
528 26027
530 26185
532 26562
534 26002
536 26353
538 26296
540 26012
542 25991
544 26353
546 25894
548 26398
550 26168
552 26173
554 26074
556 25728
558 26082
560 26036
562 26055
564 26382
566 26181
568 25931
570 25756
572 26057
574 25535
576 25735
578 26191
580 25819
582 26169
584 25740
586 25995
588 25384
590 25584
592 25444
594 25561
596 25558
598 25475
600 25431
602 25423
604 25273
606 25516
608 25436
610 25322
612 25465
614 25336
616 25358
618 25548
620 25455
622 25566
624 25471
626 25393
628 25461
630 25229
632 25494
634 25474
636 25614
638 25521
640 25501
642 25423
644 25460
646 25540
648 25373
650 25524
652 25465
654 25352
656 25305
658 25471
660 25560
662 25604
664 25629
666 25617
668 25508
670 25449
672 25575
674 25663
676 25778
678 25523
680 25575
682 25574
684 25771
686 25442
688 25581
690 25623
692 25496
694 25688
696 25717
698 25617
700 25710
702 26012
704 25785
706 25546
708 25576
710 25705
712 25587
714 25655
716 25577
718 25695
720 25512
722 25584
724 25419
726 25407
728 25354
730 25454
732 25448
734 25274
736 25356
738 25406
740 25382
742 25334
744 25453
746 25210
748 25634
750 25437
752 25617
754 25481
756 25768
758 25650
760 25487
762 25294
764 25231
766 25473
768 28657
770 28439
772 28624
774 28224
776 28488
778 28305
780 28243
782 28093
784 27822
786 28505
788 28558
790 28718
792 28033
794 28013
796 27864
798 27906
800 27823
802 27967
804 28248
806 27982
808 28003
810 27931
812 27975
814 28024
816 28101
818 28262
820 27927
822 28116
824 28000
826 27815
828 27764
830 27769
832 27740
834 27901
836 27861
838 27923
840 27836
842 28056
844 28110
846 28042
848 27940
850 28239
852 28043
854 27883
856 28509
858 28152
860 28018
862 28068
864 27851
866 27965
868 27849
870 28066
872 27945
874 28196
876 27998
878 28189
880 28545
882 28181
884 28167
886 28015
888 28493
890 28322
892 28047
894 27985
896 28131
898 27948
900 28109
902 28142
904 27929
906 28139
908 27942
910 28113
912 28079
914 28089
916 27995
918 27972
920 28037
922 28176
924 27960
926 27994
928 27949
930 27786
932 27900
934 27977
936 28134
938 27904
940 28059
942 28032
944 28001
946 28238
948 28062
950 27931
952 27961
954 28109
956 27935
958 27784
960 27848
962 27962
964 28151
966 28030
968 27741
970 27974
972 27861
974 28049
976 27974
978 27913
980 28357
982 27794
984 28036
986 27913
988 27835
990 27900
992 28124
994 28187
996 28091
998 28157
1000 28054
