1 1
41 3
81 7
121 15
161 26
201 40
241 57
281 85
321 87
361 109
401 134
441 162
481 197
521 231
561 261
601 303
641 329
681 373
721 416
761 466
801 519
841 567
881 623
921 680
961 747
1001 799
1041 868
1081 948
1121 1192
1161 1071
1201 1143
1241 1185
1281 1206
1321 1262
1361 1318
1401 1361
1441 1487
1481 1535
1521 1630
1561 1664
1601 1692
1641 1633
1681 1766
1721 1774
1761 1844
1801 2237
1841 2059
1881 2182
1921 2210
1961 2308
2001 2458
2041 2527
2081 2599
2121 2671
2161 2824
2201 2906
2241 3033
2281 3110
2321 3278
2361 3406
2401 3471
2441 3617
2481 3736
2521 3805
2561 3996
2601 4091
2641 4127
2681 4378
2721 4487
2761 4660
2801 4743
2841 4928
2881 4994
2921 5126
2961 5256
3001 5429
3041 5631
3081 5671
3121 5806
3161 6116
3201 6137
3241 6243
3281 6459
3321 6727
3361 6864
3401 7641
3441 9620
3481 9861
3521 9403
3561 8828
3601 8453
3641 8014
3681 8127
3721 8365
3761 8509
3801 8680
3841 8851
3881 9038
3921 9284
3961 9370
4001 9701
4041 9751
4081 10175
4121 10317
4161 10467
4201 10655
4241 10807
4281 11072
4321 11206
4361 11393
4401 11658
4441 11939
4481 12014
4521 12832
4561 12923
4601 12817
4641 12960
4681 13352
4721 13433
4761 13771
4801 13784
4841 14114
4881 14423
4921 14524
4961 14702
5001 15109
5041 15461
5081 15472
5121 15972
5161 16299
5201 16223
5241 16491
5281 16821
5321 17020
5361 17158
5401 18043
5441 17832
5481 18067
5521 18338
5561 18483
5601 18681
5641 19543
5681 19189
5721 19445
5761 19868
5801 20464
5841 20400
5881 20646
5921 20998
5961 21497
6001 21576
6041 21724
6081 22025
6121 22501
6161 23056
6201 29431
6241 24532
6281 28115
6321 23843
6361 24119
6401 24492
6441 24911
6481 25074
6521 25340
6561 25608
6601 25801
6641 26166
6681 26635
6721 26975
6761 27286
6801 27566
6841 27790
6881 28260
6921 28515
6961 29056
7001 29518
7041 30061
7081 29981
7121 30704
7161 31055
7201 30829
7241 31279
7281 31488
7321 32206
7361 32811
7401 32986
7441 35241
7481 35871
7521 33843
7561 37394
7601 35758
7641 34687
7681 35112
7721 35441
7761 36253
7801 36167
7841 36548
7881 37217
7921 37601
7961 37551
8001 38138
8041 38175
8081 38844
8121 39400
8161 39508
8201 40152
8241 40455
8281 40743
8321 41126
8361 41275
8401 41934
8441 42568
8481 42567
8521 42965
8561 43736
8601 48273
8641 44120
8681 44512
8721 45116
8761 45537
8801 45965
8841 46179
8881 46946
8921 47373
8961 47568
9001 48030
9041 48720
9081 48910
9121 51590
9161 50137
9201 51110
9241 50571
9281 51256
9321 51349
9361 51751
9401 53959
9441 55755
9481 52896
9521 54325
9561 54675
9601 54439
9641 54876
9681 55444
9721 56369
9761 56861
9801 57318
9841 57189
9881 57854
9921 58317
9961 58621
10001 59829
10041 59661
10081 60473
10121 66392
10161 61569
10201 61699
10241 62619
10281 62625
10321 63007
10361 63607
10401 64051
10441 64638
10481 64655
10521 65442
10561 66290
10601 66425
10641 67343
10681 67016
10721 70431
10761 72409
10801 69029
10841 70232
10881 69973
10921 70661
10961 71578
11001 72109
11041 72261
11081 72758
11121 73007
11161 73807
11201 77282
11241 76437
11281 81311
11321 75706
11361 76135
11401 78034
11441 77414
11481 77632
11521 78757
11561 79375
11601 79914
11641 81067
11681 80731
11721 82051
11761 81402
11801 89924
11841 82494
11881 84767
11921 83936
11961 84776
12001 85433
12041 85617
12081 86326
12121 86777
12161 87498
12201 87995
12241 93214
12281 90385
12321 89947
12361 90228
12401 91418
12441 91365
12481 92663
12521 92669
12561 93592
12601 94057
12641 94478
12681 99615
12721 95394
12761 96860
12801 99752
12841 97867
12881 98988
12921 98011
12961 100213
13001 100391
13041 100515
13081 105227
13121 108540
13161 103240
13201 102469
13241 103613
13281 104899
13321 104025
13361 105601
13401 106334
13441 110643
13481 111523
13521 108288
13561 108519
13601 110379
13641 111034
13681 110137
13721 111080
13761 112190
13801 112298
13841 116918
13881 115186
13921 114289
13961 114989
14001 116667
14041 118785
14081 117302
14121 117690
14161 122904
14201 119349
14241 120293
14281 120941
14321 121515
14361 121826
14401 121518
14441 123625
14481 125568
14521 128792
14561 126094
14601 125520
14641 127058
14681 126425
14721 127439
14761 128507
14801 134726
14841 129949
14881 131007
14921 130827
14961 131954
15001 132619
15041 132736
15081 135935
15121 139950
15161 136350
15201 135571
15241 137819
15281 145040
15321 141015
15361 144225
15401 146858
15441 140668
15481 142279
15521 142573
15561 141805
15601 142577
15641 144930
15681 149254
15721 145613
15761 147310
15801 146852
15841 148244
15881 148854
15921 149262
15961 157756
16001 152567
16041 150385
16081 153146
16121 155174
16161 155352
16201 161251
16241 159208
16281 157475
16321 156780
16361 157088
16401 161788
16441 166970
16481 159674
16521 162027
16561 161868
16601 162444
16641 161754
16681 163629
16721 169456
16761 165761
16801 165827
16841 169232
16881 167093
16921 171936
16961 172470
17001 170546
17041 172142
17081 172412
17121 177654
17161 179119
17201 175471
17241 175200
17281 176264
17321 176641
17361 178787
17401 182364
17441 180023
17481 180614
17521 182150
17561 181954
17601 188619
17641 183931
17681 184485
17721 185200
17761 185996
17801 187680
17841 192179
17881 188733
17921 190079
17961 189717
18001 191864
18041 197587
18081 193322
18121 196681
18161 195044
18201 195357
18241 203315
18281 198427
18321 201080
18361 198974
18401 201538
18441 208892
18481 201759
18521 200936
18561 202917
18601 206264
18641 208550
18681 207799
18721 206625
18761 208505
18801 209264
18841 217853
18881 214782
18921 214796
18961 215661
19001 219298
19041 217421
19081 217971
19121 217850
19161 218873
19201 220416
19241 218863
19281 219401
19321 220091
19361 225730
19401 226307
19441 222536
19481 224687
19521 224476
19561 231664
19601 228065
19641 227525
19681 228512
19721 236426
19761 230403
19801 232233
19841 232057
19881 233291
19921 240767
19961 234745
