0 1
6 1
12 3
18 14
24 25
30 50
36 95
42 188
48 222
54 320
60 455
66 600
72 801
78 1224
84 1412
90 1545
96 2152
102 2503
108 3047
114 3270
120 3681
126 4087
132 4669
138 5281
144 5463
150 5979
156 6646
162 7384
168 8316
174 9194
180 10259
186 11487
192 12322
198 13417
204 14964
210 16035
216 17308
222 18800
228 20430
234 26009
240 25225
246 25598
252 27762
258 29747
264 31259
270 33714
276 35880
282 38048
288 41162
294 43230
300 46017
306 48471
312 51455
318 54361
324 58185
330 60573
336 64003
342 67954
348 70792
354 74718
360 82066
366 82780
372 89884
378 92697
384 97858
390 103238
396 104972
402 108724
408 114212
414 122465
420 129693
426 130142
432 134361
438 140352
444 150653
450 151289
456 157607
462 169335
468 173792
474 180199
480 184951
486 201403
492 209755
498 226892
504 273761
510 237900
516 284278
522 267141
528 274625
534 264122
540 274070
546 284061
552 295000
558 311323
564 312892
570 318508
576 332005
582 342224
588 359459
594 363903
600 381337
